Time 0
Waiting clients (0, 34, 7)  (1, 22, 3)  (2, 14, 1)  (3, 26, 2)  (4, 21, 2)  (5, 12, 5)  (6, 11, 6)  (7, 18, 4)  (8, 35, 3)  (9, 14, 5)  (10, 40, 3)  (11, 3, 6)  (12, 18, 3)  (13, 31, 7)  (14, 11, 6)  (15, 11, 2)  (16, 16, 7)  (17, 21, 4)  (18, 12, 2)  (19, 26, 4)  (20, 21, 4)  (21, 7, 2)  (22, 8, 1)  (23, 27, 6)  (24, 33, 6)  (25, 12, 6)  (26, 40, 5)  (27, 26, 1)  (28, 8, 3)  (29, 26, 5)  (30, 30, 1)  (31, 20, 1)  (32, 28, 7)  (33, 34, 4)  (34, 18, 5)  (35, 34, 6)  (36, 25, 1)  (37, 23, 7)  (38, 38, 3)  (39, 39, 2)  (40, 14, 6)  (41, 21, 3)  (42, 13, 7)  (43, 14, 4)  (44, 10, 4)  (45, 27, 6)  (46, 20, 3)  (47, 8, 5)  (48, 26, 6)  (49, 12, 2)  
Queue 1: closed
Queue 2: closed
Queue 3: closed
Queue 4: closed
Queue 5: closed
Time 1
Waiting clients (0, 34, 7)  (1, 22, 3)  (2, 14, 1)  (3, 26, 2)  (4, 21, 2)  (5, 12, 5)  (6, 11, 6)  (7, 18, 4)  (8, 35, 3)  (9, 14, 5)  (10, 40, 3)  (11, 3, 6)  (12, 18, 3)  (13, 31, 7)  (14, 11, 6)  (15, 11, 2)  (16, 16, 7)  (17, 21, 4)  (18, 12, 2)  (19, 26, 4)  (20, 21, 4)  (21, 7, 2)  (22, 8, 1)  (23, 27, 6)  (24, 33, 6)  (25, 12, 6)  (26, 40, 5)  (27, 26, 1)  (28, 8, 3)  (29, 26, 5)  (30, 30, 1)  (31, 20, 1)  (32, 28, 7)  (33, 34, 4)  (34, 18, 5)  (35, 34, 6)  (36, 25, 1)  (37, 23, 7)  (38, 38, 3)  (39, 39, 2)  (40, 14, 6)  (41, 21, 3)  (42, 13, 7)  (43, 14, 4)  (44, 10, 4)  (45, 27, 6)  (46, 20, 3)  (47, 8, 5)  (48, 26, 6)  (49, 12, 2)  
Queue 1: closed
Queue 2: closed
Queue 3: closed
Queue 4: closed
Queue 5: closed
Time 2
Waiting clients (0, 34, 7)  (1, 22, 3)  (2, 14, 1)  (3, 26, 2)  (4, 21, 2)  (5, 12, 5)  (6, 11, 6)  (7, 18, 4)  (8, 35, 3)  (9, 14, 5)  (10, 40, 3)  (11, 3, 6)  (12, 18, 3)  (13, 31, 7)  (14, 11, 6)  (15, 11, 2)  (16, 16, 7)  (17, 21, 4)  (18, 12, 2)  (19, 26, 4)  (20, 21, 4)  (21, 7, 2)  (22, 8, 1)  (23, 27, 6)  (24, 33, 6)  (25, 12, 6)  (26, 40, 5)  (27, 26, 1)  (28, 8, 3)  (29, 26, 5)  (30, 30, 1)  (31, 20, 1)  (32, 28, 7)  (33, 34, 4)  (34, 18, 5)  (35, 34, 6)  (36, 25, 1)  (37, 23, 7)  (38, 38, 3)  (39, 39, 2)  (40, 14, 6)  (41, 21, 3)  (42, 13, 7)  (43, 14, 4)  (44, 10, 4)  (45, 27, 6)  (46, 20, 3)  (47, 8, 5)  (48, 26, 6)  (49, 12, 2)  
Queue 1: closed
Queue 2: closed
Queue 3: closed
Queue 4: closed
Queue 5: closed
Time 3
Waiting clients (0, 34, 7)  (1, 22, 3)  (2, 14, 1)  (3, 26, 2)  (4, 21, 2)  (5, 12, 5)  (6, 11, 6)  (7, 18, 4)  (8, 35, 3)  (9, 14, 5)  (10, 40, 3)  (12, 18, 3)  (13, 31, 7)  (14, 11, 6)  (15, 11, 2)  (16, 16, 7)  (17, 21, 4)  (18, 12, 2)  (19, 26, 4)  (20, 21, 4)  (21, 7, 2)  (22, 8, 1)  (23, 27, 6)  (24, 33, 6)  (25, 12, 6)  (26, 40, 5)  (27, 26, 1)  (28, 8, 3)  (29, 26, 5)  (30, 30, 1)  (31, 20, 1)  (32, 28, 7)  (33, 34, 4)  (34, 18, 5)  (35, 34, 6)  (36, 25, 1)  (37, 23, 7)  (38, 38, 3)  (39, 39, 2)  (40, 14, 6)  (41, 21, 3)  (42, 13, 7)  (43, 14, 4)  (44, 10, 4)  (45, 27, 6)  (46, 20, 3)  (47, 8, 5)  (48, 26, 6)  (49, 12, 2)  
Queue 1: (11, 3, 6) 
Queue 2: closed
Queue 3: closed
Queue 4: closed
Queue 5: closed
Time 4
Waiting clients (0, 34, 7)  (1, 22, 3)  (2, 14, 1)  (3, 26, 2)  (4, 21, 2)  (5, 12, 5)  (6, 11, 6)  (7, 18, 4)  (8, 35, 3)  (9, 14, 5)  (10, 40, 3)  (12, 18, 3)  (13, 31, 7)  (14, 11, 6)  (15, 11, 2)  (16, 16, 7)  (17, 21, 4)  (18, 12, 2)  (19, 26, 4)  (20, 21, 4)  (21, 7, 2)  (22, 8, 1)  (23, 27, 6)  (24, 33, 6)  (25, 12, 6)  (26, 40, 5)  (27, 26, 1)  (28, 8, 3)  (29, 26, 5)  (30, 30, 1)  (31, 20, 1)  (32, 28, 7)  (33, 34, 4)  (34, 18, 5)  (35, 34, 6)  (36, 25, 1)  (37, 23, 7)  (38, 38, 3)  (39, 39, 2)  (40, 14, 6)  (41, 21, 3)  (42, 13, 7)  (43, 14, 4)  (44, 10, 4)  (45, 27, 6)  (46, 20, 3)  (47, 8, 5)  (48, 26, 6)  (49, 12, 2)  
Queue 1: (11, 3, 5) 
Queue 2: closed
Queue 3: closed
Queue 4: closed
Queue 5: closed
Time 5
Waiting clients (0, 34, 7)  (1, 22, 3)  (2, 14, 1)  (3, 26, 2)  (4, 21, 2)  (5, 12, 5)  (6, 11, 6)  (7, 18, 4)  (8, 35, 3)  (9, 14, 5)  (10, 40, 3)  (12, 18, 3)  (13, 31, 7)  (14, 11, 6)  (15, 11, 2)  (16, 16, 7)  (17, 21, 4)  (18, 12, 2)  (19, 26, 4)  (20, 21, 4)  (21, 7, 2)  (22, 8, 1)  (23, 27, 6)  (24, 33, 6)  (25, 12, 6)  (26, 40, 5)  (27, 26, 1)  (28, 8, 3)  (29, 26, 5)  (30, 30, 1)  (31, 20, 1)  (32, 28, 7)  (33, 34, 4)  (34, 18, 5)  (35, 34, 6)  (36, 25, 1)  (37, 23, 7)  (38, 38, 3)  (39, 39, 2)  (40, 14, 6)  (41, 21, 3)  (42, 13, 7)  (43, 14, 4)  (44, 10, 4)  (45, 27, 6)  (46, 20, 3)  (47, 8, 5)  (48, 26, 6)  (49, 12, 2)  
Queue 1: (11, 3, 4) 
Queue 2: closed
Queue 3: closed
Queue 4: closed
Queue 5: closed
Time 6
Waiting clients (0, 34, 7)  (1, 22, 3)  (2, 14, 1)  (3, 26, 2)  (4, 21, 2)  (5, 12, 5)  (6, 11, 6)  (7, 18, 4)  (8, 35, 3)  (9, 14, 5)  (10, 40, 3)  (12, 18, 3)  (13, 31, 7)  (14, 11, 6)  (15, 11, 2)  (16, 16, 7)  (17, 21, 4)  (18, 12, 2)  (19, 26, 4)  (20, 21, 4)  (21, 7, 2)  (22, 8, 1)  (23, 27, 6)  (24, 33, 6)  (25, 12, 6)  (26, 40, 5)  (27, 26, 1)  (28, 8, 3)  (29, 26, 5)  (30, 30, 1)  (31, 20, 1)  (32, 28, 7)  (33, 34, 4)  (34, 18, 5)  (35, 34, 6)  (36, 25, 1)  (37, 23, 7)  (38, 38, 3)  (39, 39, 2)  (40, 14, 6)  (41, 21, 3)  (42, 13, 7)  (43, 14, 4)  (44, 10, 4)  (45, 27, 6)  (46, 20, 3)  (47, 8, 5)  (48, 26, 6)  (49, 12, 2)  
Queue 1: (11, 3, 3) 
Queue 2: closed
Queue 3: closed
Queue 4: closed
Queue 5: closed
Time 7
Waiting clients (0, 34, 7)  (1, 22, 3)  (2, 14, 1)  (3, 26, 2)  (4, 21, 2)  (5, 12, 5)  (6, 11, 6)  (7, 18, 4)  (8, 35, 3)  (9, 14, 5)  (10, 40, 3)  (12, 18, 3)  (13, 31, 7)  (14, 11, 6)  (15, 11, 2)  (16, 16, 7)  (17, 21, 4)  (18, 12, 2)  (19, 26, 4)  (20, 21, 4)  (22, 8, 1)  (23, 27, 6)  (24, 33, 6)  (25, 12, 6)  (26, 40, 5)  (27, 26, 1)  (28, 8, 3)  (29, 26, 5)  (30, 30, 1)  (31, 20, 1)  (32, 28, 7)  (33, 34, 4)  (34, 18, 5)  (35, 34, 6)  (36, 25, 1)  (37, 23, 7)  (38, 38, 3)  (39, 39, 2)  (40, 14, 6)  (41, 21, 3)  (42, 13, 7)  (43, 14, 4)  (44, 10, 4)  (45, 27, 6)  (46, 20, 3)  (47, 8, 5)  (48, 26, 6)  (49, 12, 2)  
Queue 1: (11, 3, 2) 
Queue 2: (21, 7, 2) 
Queue 3: closed
Queue 4: closed
Queue 5: closed
Time 8
Waiting clients (0, 34, 7)  (1, 22, 3)  (2, 14, 1)  (3, 26, 2)  (4, 21, 2)  (5, 12, 5)  (6, 11, 6)  (7, 18, 4)  (8, 35, 3)  (9, 14, 5)  (10, 40, 3)  (12, 18, 3)  (13, 31, 7)  (14, 11, 6)  (15, 11, 2)  (16, 16, 7)  (17, 21, 4)  (18, 12, 2)  (19, 26, 4)  (20, 21, 4)  (23, 27, 6)  (24, 33, 6)  (25, 12, 6)  (26, 40, 5)  (27, 26, 1)  (29, 26, 5)  (30, 30, 1)  (31, 20, 1)  (32, 28, 7)  (33, 34, 4)  (34, 18, 5)  (35, 34, 6)  (36, 25, 1)  (37, 23, 7)  (38, 38, 3)  (39, 39, 2)  (40, 14, 6)  (41, 21, 3)  (42, 13, 7)  (43, 14, 4)  (44, 10, 4)  (45, 27, 6)  (46, 20, 3)  (48, 26, 6)  (49, 12, 2)  
Queue 1: (11, 3, 1) 
Queue 2: (21, 7, 1) 
Queue 3: (22, 8, 1) 
Queue 4: (28, 8, 3) 
Queue 5: (47, 8, 5) 
Time 9
Waiting clients (0, 34, 7)  (1, 22, 3)  (2, 14, 1)  (3, 26, 2)  (4, 21, 2)  (5, 12, 5)  (6, 11, 6)  (7, 18, 4)  (8, 35, 3)  (9, 14, 5)  (10, 40, 3)  (12, 18, 3)  (13, 31, 7)  (14, 11, 6)  (15, 11, 2)  (16, 16, 7)  (17, 21, 4)  (18, 12, 2)  (19, 26, 4)  (20, 21, 4)  (23, 27, 6)  (24, 33, 6)  (25, 12, 6)  (26, 40, 5)  (27, 26, 1)  (29, 26, 5)  (30, 30, 1)  (31, 20, 1)  (32, 28, 7)  (33, 34, 4)  (34, 18, 5)  (35, 34, 6)  (36, 25, 1)  (37, 23, 7)  (38, 38, 3)  (39, 39, 2)  (40, 14, 6)  (41, 21, 3)  (42, 13, 7)  (43, 14, 4)  (44, 10, 4)  (45, 27, 6)  (46, 20, 3)  (48, 26, 6)  (49, 12, 2)  
Queue 1: closed
Queue 2: closed
Queue 3: closed
Queue 4: (28, 8, 2) 
Queue 5: (47, 8, 4) 
Time 10
Waiting clients (0, 34, 7)  (1, 22, 3)  (2, 14, 1)  (3, 26, 2)  (4, 21, 2)  (5, 12, 5)  (6, 11, 6)  (7, 18, 4)  (8, 35, 3)  (9, 14, 5)  (10, 40, 3)  (12, 18, 3)  (13, 31, 7)  (14, 11, 6)  (15, 11, 2)  (16, 16, 7)  (17, 21, 4)  (18, 12, 2)  (19, 26, 4)  (20, 21, 4)  (23, 27, 6)  (24, 33, 6)  (25, 12, 6)  (26, 40, 5)  (27, 26, 1)  (29, 26, 5)  (30, 30, 1)  (31, 20, 1)  (32, 28, 7)  (33, 34, 4)  (34, 18, 5)  (35, 34, 6)  (36, 25, 1)  (37, 23, 7)  (38, 38, 3)  (39, 39, 2)  (40, 14, 6)  (41, 21, 3)  (42, 13, 7)  (43, 14, 4)  (45, 27, 6)  (46, 20, 3)  (48, 26, 6)  (49, 12, 2)  
Queue 1: (44, 10, 4) 
Queue 2: closed
Queue 3: closed
Queue 4: (28, 8, 1) 
Queue 5: (47, 8, 3) 
Time 11
Waiting clients (0, 34, 7)  (1, 22, 3)  (2, 14, 1)  (3, 26, 2)  (4, 21, 2)  (5, 12, 5)  (7, 18, 4)  (8, 35, 3)  (9, 14, 5)  (10, 40, 3)  (12, 18, 3)  (13, 31, 7)  (16, 16, 7)  (17, 21, 4)  (18, 12, 2)  (19, 26, 4)  (20, 21, 4)  (23, 27, 6)  (24, 33, 6)  (25, 12, 6)  (26, 40, 5)  (27, 26, 1)  (29, 26, 5)  (30, 30, 1)  (31, 20, 1)  (32, 28, 7)  (33, 34, 4)  (34, 18, 5)  (35, 34, 6)  (36, 25, 1)  (37, 23, 7)  (38, 38, 3)  (39, 39, 2)  (40, 14, 6)  (41, 21, 3)  (42, 13, 7)  (43, 14, 4)  (45, 27, 6)  (46, 20, 3)  (48, 26, 6)  (49, 12, 2)  
Queue 1: (44, 10, 3) 
Queue 2: (6, 11, 6) 
Queue 3: (14, 11, 6) 
Queue 4: (15, 11, 2) 
Queue 5: (47, 8, 2) 
Time 12
Waiting clients (0, 34, 7)  (1, 22, 3)  (2, 14, 1)  (3, 26, 2)  (4, 21, 2)  (7, 18, 4)  (8, 35, 3)  (9, 14, 5)  (10, 40, 3)  (12, 18, 3)  (13, 31, 7)  (16, 16, 7)  (17, 21, 4)  (19, 26, 4)  (20, 21, 4)  (23, 27, 6)  (24, 33, 6)  (26, 40, 5)  (27, 26, 1)  (29, 26, 5)  (30, 30, 1)  (31, 20, 1)  (32, 28, 7)  (33, 34, 4)  (34, 18, 5)  (35, 34, 6)  (36, 25, 1)  (37, 23, 7)  (38, 38, 3)  (39, 39, 2)  (40, 14, 6)  (41, 21, 3)  (42, 13, 7)  (43, 14, 4)  (45, 27, 6)  (46, 20, 3)  (48, 26, 6)  
Queue 1: (44, 10, 2) (25, 12, 6) 
Queue 2: (6, 11, 5) 
Queue 3: (14, 11, 5) 
Queue 4: (15, 11, 1) (5, 12, 5) 
Queue 5: (47, 8, 1) (18, 12, 2) (49, 12, 2) 
Time 13
Waiting clients (0, 34, 7)  (1, 22, 3)  (2, 14, 1)  (3, 26, 2)  (4, 21, 2)  (7, 18, 4)  (8, 35, 3)  (9, 14, 5)  (10, 40, 3)  (12, 18, 3)  (13, 31, 7)  (16, 16, 7)  (17, 21, 4)  (19, 26, 4)  (20, 21, 4)  (23, 27, 6)  (24, 33, 6)  (26, 40, 5)  (27, 26, 1)  (29, 26, 5)  (30, 30, 1)  (31, 20, 1)  (32, 28, 7)  (33, 34, 4)  (34, 18, 5)  (35, 34, 6)  (36, 25, 1)  (37, 23, 7)  (38, 38, 3)  (39, 39, 2)  (40, 14, 6)  (41, 21, 3)  (43, 14, 4)  (45, 27, 6)  (46, 20, 3)  (48, 26, 6)  
Queue 1: (44, 10, 1) (25, 12, 6) 
Queue 2: (6, 11, 4) (42, 13, 7) 
Queue 3: (14, 11, 4) 
Queue 4: (5, 12, 5) 
Queue 5: (18, 12, 2) (49, 12, 2) 
Time 14
Waiting clients (0, 34, 7)  (1, 22, 3)  (3, 26, 2)  (4, 21, 2)  (7, 18, 4)  (8, 35, 3)  (10, 40, 3)  (12, 18, 3)  (13, 31, 7)  (16, 16, 7)  (17, 21, 4)  (19, 26, 4)  (20, 21, 4)  (23, 27, 6)  (24, 33, 6)  (26, 40, 5)  (27, 26, 1)  (29, 26, 5)  (30, 30, 1)  (31, 20, 1)  (32, 28, 7)  (33, 34, 4)  (34, 18, 5)  (35, 34, 6)  (36, 25, 1)  (37, 23, 7)  (38, 38, 3)  (39, 39, 2)  (41, 21, 3)  (45, 27, 6)  (46, 20, 3)  (48, 26, 6)  
Queue 1: (25, 12, 6) 
Queue 2: (6, 11, 3) (42, 13, 7) 
Queue 3: (14, 11, 3) (2, 14, 1) (40, 14, 6) 
Queue 4: (5, 12, 4) (43, 14, 4) 
Queue 5: (18, 12, 1) (49, 12, 2) (9, 14, 5) 
Time 15
Waiting clients (0, 34, 7)  (1, 22, 3)  (3, 26, 2)  (4, 21, 2)  (7, 18, 4)  (8, 35, 3)  (10, 40, 3)  (12, 18, 3)  (13, 31, 7)  (16, 16, 7)  (17, 21, 4)  (19, 26, 4)  (20, 21, 4)  (23, 27, 6)  (24, 33, 6)  (26, 40, 5)  (27, 26, 1)  (29, 26, 5)  (30, 30, 1)  (31, 20, 1)  (32, 28, 7)  (33, 34, 4)  (34, 18, 5)  (35, 34, 6)  (36, 25, 1)  (37, 23, 7)  (38, 38, 3)  (39, 39, 2)  (41, 21, 3)  (45, 27, 6)  (46, 20, 3)  (48, 26, 6)  
Queue 1: (25, 12, 5) 
Queue 2: (6, 11, 2) (42, 13, 7) 
Queue 3: (14, 11, 2) (2, 14, 1) (40, 14, 6) 
Queue 4: (5, 12, 3) (43, 14, 4) 
Queue 5: (49, 12, 2) (9, 14, 5) 
Time 16
Waiting clients (0, 34, 7)  (1, 22, 3)  (3, 26, 2)  (4, 21, 2)  (7, 18, 4)  (8, 35, 3)  (10, 40, 3)  (12, 18, 3)  (13, 31, 7)  (17, 21, 4)  (19, 26, 4)  (20, 21, 4)  (23, 27, 6)  (24, 33, 6)  (26, 40, 5)  (27, 26, 1)  (29, 26, 5)  (30, 30, 1)  (31, 20, 1)  (32, 28, 7)  (33, 34, 4)  (34, 18, 5)  (35, 34, 6)  (36, 25, 1)  (37, 23, 7)  (38, 38, 3)  (39, 39, 2)  (41, 21, 3)  (45, 27, 6)  (46, 20, 3)  (48, 26, 6)  
Queue 1: (25, 12, 4) (16, 16, 7) 
Queue 2: (6, 11, 1) (42, 13, 7) 
Queue 3: (14, 11, 1) (2, 14, 1) (40, 14, 6) 
Queue 4: (5, 12, 2) (43, 14, 4) 
Queue 5: (49, 12, 1) (9, 14, 5) 
Time 17
Waiting clients (0, 34, 7)  (1, 22, 3)  (3, 26, 2)  (4, 21, 2)  (7, 18, 4)  (8, 35, 3)  (10, 40, 3)  (12, 18, 3)  (13, 31, 7)  (17, 21, 4)  (19, 26, 4)  (20, 21, 4)  (23, 27, 6)  (24, 33, 6)  (26, 40, 5)  (27, 26, 1)  (29, 26, 5)  (30, 30, 1)  (31, 20, 1)  (32, 28, 7)  (33, 34, 4)  (34, 18, 5)  (35, 34, 6)  (36, 25, 1)  (37, 23, 7)  (38, 38, 3)  (39, 39, 2)  (41, 21, 3)  (45, 27, 6)  (46, 20, 3)  (48, 26, 6)  
Queue 1: (25, 12, 3) (16, 16, 7) 
Queue 2: (42, 13, 7) 
Queue 3: (2, 14, 1) (40, 14, 6) 
Queue 4: (5, 12, 1) (43, 14, 4) 
Queue 5: (9, 14, 5) 
Time 18
Waiting clients (0, 34, 7)  (1, 22, 3)  (3, 26, 2)  (4, 21, 2)  (8, 35, 3)  (10, 40, 3)  (13, 31, 7)  (17, 21, 4)  (19, 26, 4)  (20, 21, 4)  (23, 27, 6)  (24, 33, 6)  (26, 40, 5)  (27, 26, 1)  (29, 26, 5)  (30, 30, 1)  (31, 20, 1)  (32, 28, 7)  (33, 34, 4)  (35, 34, 6)  (36, 25, 1)  (37, 23, 7)  (38, 38, 3)  (39, 39, 2)  (41, 21, 3)  (45, 27, 6)  (46, 20, 3)  (48, 26, 6)  
Queue 1: (25, 12, 2) (16, 16, 7) 
Queue 2: (42, 13, 6) (34, 18, 5) 
Queue 3: (40, 14, 6) 
Queue 4: (43, 14, 4) (7, 18, 4) 
Queue 5: (9, 14, 4) (12, 18, 3) 
Time 19
Waiting clients (0, 34, 7)  (1, 22, 3)  (3, 26, 2)  (4, 21, 2)  (8, 35, 3)  (10, 40, 3)  (13, 31, 7)  (17, 21, 4)  (19, 26, 4)  (20, 21, 4)  (23, 27, 6)  (24, 33, 6)  (26, 40, 5)  (27, 26, 1)  (29, 26, 5)  (30, 30, 1)  (31, 20, 1)  (32, 28, 7)  (33, 34, 4)  (35, 34, 6)  (36, 25, 1)  (37, 23, 7)  (38, 38, 3)  (39, 39, 2)  (41, 21, 3)  (45, 27, 6)  (46, 20, 3)  (48, 26, 6)  
Queue 1: (25, 12, 1) (16, 16, 7) 
Queue 2: (42, 13, 5) (34, 18, 5) 
Queue 3: (40, 14, 5) 
Queue 4: (43, 14, 3) (7, 18, 4) 
Queue 5: (9, 14, 3) (12, 18, 3) 
Time 20
Waiting clients (0, 34, 7)  (1, 22, 3)  (3, 26, 2)  (4, 21, 2)  (8, 35, 3)  (10, 40, 3)  (13, 31, 7)  (17, 21, 4)  (19, 26, 4)  (20, 21, 4)  (23, 27, 6)  (24, 33, 6)  (26, 40, 5)  (27, 26, 1)  (29, 26, 5)  (30, 30, 1)  (32, 28, 7)  (33, 34, 4)  (35, 34, 6)  (36, 25, 1)  (37, 23, 7)  (38, 38, 3)  (39, 39, 2)  (41, 21, 3)  (45, 27, 6)  (48, 26, 6)  
Queue 1: (16, 16, 7) 
Queue 2: (42, 13, 4) (34, 18, 5) 
Queue 3: (40, 14, 4) (31, 20, 1) (46, 20, 3) 
Queue 4: (43, 14, 2) (7, 18, 4) 
Queue 5: (9, 14, 2) (12, 18, 3) 
Time 21
Waiting clients (0, 34, 7)  (1, 22, 3)  (3, 26, 2)  (8, 35, 3)  (10, 40, 3)  (13, 31, 7)  (19, 26, 4)  (23, 27, 6)  (24, 33, 6)  (26, 40, 5)  (27, 26, 1)  (29, 26, 5)  (30, 30, 1)  (32, 28, 7)  (33, 34, 4)  (35, 34, 6)  (36, 25, 1)  (37, 23, 7)  (38, 38, 3)  (39, 39, 2)  (45, 27, 6)  (48, 26, 6)  
Queue 1: (16, 16, 6) (20, 21, 4) 
Queue 2: (42, 13, 3) (34, 18, 5) 
Queue 3: (40, 14, 3) (31, 20, 1) (46, 20, 3) 
Queue 4: (43, 14, 1) (7, 18, 4) (17, 21, 4) 
Queue 5: (9, 14, 1) (12, 18, 3) (4, 21, 2) (41, 21, 3) 
Time 22
Waiting clients (0, 34, 7)  (3, 26, 2)  (8, 35, 3)  (10, 40, 3)  (13, 31, 7)  (19, 26, 4)  (23, 27, 6)  (24, 33, 6)  (26, 40, 5)  (27, 26, 1)  (29, 26, 5)  (30, 30, 1)  (32, 28, 7)  (33, 34, 4)  (35, 34, 6)  (36, 25, 1)  (37, 23, 7)  (38, 38, 3)  (39, 39, 2)  (45, 27, 6)  (48, 26, 6)  
Queue 1: (16, 16, 5) (20, 21, 4) 
Queue 2: (42, 13, 2) (34, 18, 5) 
Queue 3: (40, 14, 2) (31, 20, 1) (46, 20, 3) (1, 22, 3) 
Queue 4: (7, 18, 4) (17, 21, 4) 
Queue 5: (12, 18, 3) (4, 21, 2) (41, 21, 3) 
Time 23
Waiting clients (0, 34, 7)  (3, 26, 2)  (8, 35, 3)  (10, 40, 3)  (13, 31, 7)  (19, 26, 4)  (23, 27, 6)  (24, 33, 6)  (26, 40, 5)  (27, 26, 1)  (29, 26, 5)  (30, 30, 1)  (32, 28, 7)  (33, 34, 4)  (35, 34, 6)  (36, 25, 1)  (38, 38, 3)  (39, 39, 2)  (45, 27, 6)  (48, 26, 6)  
Queue 1: (16, 16, 4) (20, 21, 4) 
Queue 2: (42, 13, 1) (34, 18, 5) (37, 23, 7) 
Queue 3: (40, 14, 1) (31, 20, 1) (46, 20, 3) (1, 22, 3) 
Queue 4: (7, 18, 3) (17, 21, 4) 
Queue 5: (12, 18, 2) (4, 21, 2) (41, 21, 3) 
Time 24
Waiting clients (0, 34, 7)  (3, 26, 2)  (8, 35, 3)  (10, 40, 3)  (13, 31, 7)  (19, 26, 4)  (23, 27, 6)  (24, 33, 6)  (26, 40, 5)  (27, 26, 1)  (29, 26, 5)  (30, 30, 1)  (32, 28, 7)  (33, 34, 4)  (35, 34, 6)  (36, 25, 1)  (38, 38, 3)  (39, 39, 2)  (45, 27, 6)  (48, 26, 6)  
Queue 1: (16, 16, 3) (20, 21, 4) 
Queue 2: (34, 18, 5) (37, 23, 7) 
Queue 3: (31, 20, 1) (46, 20, 3) (1, 22, 3) 
Queue 4: (7, 18, 2) (17, 21, 4) 
Queue 5: (12, 18, 1) (4, 21, 2) (41, 21, 3) 
Time 25
Waiting clients (0, 34, 7)  (3, 26, 2)  (8, 35, 3)  (10, 40, 3)  (13, 31, 7)  (19, 26, 4)  (23, 27, 6)  (24, 33, 6)  (26, 40, 5)  (27, 26, 1)  (29, 26, 5)  (30, 30, 1)  (32, 28, 7)  (33, 34, 4)  (35, 34, 6)  (38, 38, 3)  (39, 39, 2)  (45, 27, 6)  (48, 26, 6)  
Queue 1: (16, 16, 2) (20, 21, 4) 
Queue 2: (34, 18, 4) (37, 23, 7) 
Queue 3: (46, 20, 3) (1, 22, 3) 
Queue 4: (7, 18, 1) (17, 21, 4) (36, 25, 1) 
Queue 5: (4, 21, 2) (41, 21, 3) 
Time 26
Waiting clients (0, 34, 7)  (8, 35, 3)  (10, 40, 3)  (13, 31, 7)  (23, 27, 6)  (24, 33, 6)  (26, 40, 5)  (30, 30, 1)  (32, 28, 7)  (33, 34, 4)  (35, 34, 6)  (38, 38, 3)  (39, 39, 2)  (45, 27, 6)  
Queue 1: (16, 16, 1) (20, 21, 4) (19, 26, 4) 
Queue 2: (34, 18, 3) (37, 23, 7) 
Queue 3: (46, 20, 2) (1, 22, 3) (27, 26, 1) (48, 26, 6) 
Queue 4: (17, 21, 4) (36, 25, 1) (29, 26, 5) 
Queue 5: (4, 21, 1) (41, 21, 3) (3, 26, 2) 
Time 27
Waiting clients (0, 34, 7)  (8, 35, 3)  (10, 40, 3)  (13, 31, 7)  (24, 33, 6)  (26, 40, 5)  (30, 30, 1)  (32, 28, 7)  (33, 34, 4)  (35, 34, 6)  (38, 38, 3)  (39, 39, 2)  
Queue 1: (20, 21, 4) (19, 26, 4) (45, 27, 6) 
Queue 2: (34, 18, 2) (37, 23, 7) 
Queue 3: (46, 20, 1) (1, 22, 3) (27, 26, 1) (48, 26, 6) 
Queue 4: (17, 21, 3) (36, 25, 1) (29, 26, 5) 
Queue 5: (41, 21, 3) (3, 26, 2) (23, 27, 6) 
Time 28
Waiting clients (0, 34, 7)  (8, 35, 3)  (10, 40, 3)  (13, 31, 7)  (24, 33, 6)  (26, 40, 5)  (30, 30, 1)  (33, 34, 4)  (35, 34, 6)  (38, 38, 3)  (39, 39, 2)  
Queue 1: (20, 21, 3) (19, 26, 4) (45, 27, 6) 
Queue 2: (34, 18, 1) (37, 23, 7) (32, 28, 7) 
Queue 3: (1, 22, 3) (27, 26, 1) (48, 26, 6) 
Queue 4: (17, 21, 2) (36, 25, 1) (29, 26, 5) 
Queue 5: (41, 21, 2) (3, 26, 2) (23, 27, 6) 
Time 29
Waiting clients (0, 34, 7)  (8, 35, 3)  (10, 40, 3)  (13, 31, 7)  (24, 33, 6)  (26, 40, 5)  (30, 30, 1)  (33, 34, 4)  (35, 34, 6)  (38, 38, 3)  (39, 39, 2)  
Queue 1: (20, 21, 2) (19, 26, 4) (45, 27, 6) 
Queue 2: (37, 23, 7) (32, 28, 7) 
Queue 3: (1, 22, 2) (27, 26, 1) (48, 26, 6) 
Queue 4: (17, 21, 1) (36, 25, 1) (29, 26, 5) 
Queue 5: (41, 21, 1) (3, 26, 2) (23, 27, 6) 
Time 30
Waiting clients (0, 34, 7)  (8, 35, 3)  (10, 40, 3)  (13, 31, 7)  (24, 33, 6)  (26, 40, 5)  (33, 34, 4)  (35, 34, 6)  (38, 38, 3)  (39, 39, 2)  
Queue 1: (20, 21, 1) (19, 26, 4) (45, 27, 6) 
Queue 2: (37, 23, 6) (32, 28, 7) 
Queue 3: (1, 22, 1) (27, 26, 1) (48, 26, 6) 
Queue 4: (36, 25, 1) (29, 26, 5) (30, 30, 1) 
Queue 5: (3, 26, 2) (23, 27, 6) 
Time 31
Waiting clients (0, 34, 7)  (8, 35, 3)  (10, 40, 3)  (24, 33, 6)  (26, 40, 5)  (33, 34, 4)  (35, 34, 6)  (38, 38, 3)  (39, 39, 2)  
Queue 1: (19, 26, 4) (45, 27, 6) 
Queue 2: (37, 23, 5) (32, 28, 7) 
Queue 3: (27, 26, 1) (48, 26, 6) 
Queue 4: (29, 26, 5) (30, 30, 1) (13, 31, 7) 
Queue 5: (3, 26, 1) (23, 27, 6) 
Time 32
Waiting clients (0, 34, 7)  (8, 35, 3)  (10, 40, 3)  (24, 33, 6)  (26, 40, 5)  (33, 34, 4)  (35, 34, 6)  (38, 38, 3)  (39, 39, 2)  
Queue 1: (19, 26, 3) (45, 27, 6) 
Queue 2: (37, 23, 4) (32, 28, 7) 
Queue 3: (48, 26, 6) 
Queue 4: (29, 26, 4) (30, 30, 1) (13, 31, 7) 
Queue 5: (23, 27, 6) 
Time 33
Waiting clients (0, 34, 7)  (8, 35, 3)  (10, 40, 3)  (26, 40, 5)  (33, 34, 4)  (35, 34, 6)  (38, 38, 3)  (39, 39, 2)  
Queue 1: (19, 26, 2) (45, 27, 6) 
Queue 2: (37, 23, 3) (32, 28, 7) 
Queue 3: (48, 26, 5) (24, 33, 6) 
Queue 4: (29, 26, 3) (30, 30, 1) (13, 31, 7) 
Queue 5: (23, 27, 5) 
Time 34
Waiting clients (8, 35, 3)  (10, 40, 3)  (26, 40, 5)  (38, 38, 3)  (39, 39, 2)  
Queue 1: (19, 26, 1) (45, 27, 6) (33, 34, 4) 
Queue 2: (37, 23, 2) (32, 28, 7) (35, 34, 6) 
Queue 3: (48, 26, 4) (24, 33, 6) 
Queue 4: (29, 26, 2) (30, 30, 1) (13, 31, 7) 
Queue 5: (23, 27, 4) (0, 34, 7) 
Time 35
Waiting clients (10, 40, 3)  (26, 40, 5)  (38, 38, 3)  (39, 39, 2)  
Queue 1: (45, 27, 6) (33, 34, 4) 
Queue 2: (37, 23, 1) (32, 28, 7) (35, 34, 6) 
Queue 3: (48, 26, 3) (24, 33, 6) (8, 35, 3) 
Queue 4: (29, 26, 1) (30, 30, 1) (13, 31, 7) 
Queue 5: (23, 27, 3) (0, 34, 7) 
Time 36
Waiting clients (10, 40, 3)  (26, 40, 5)  (38, 38, 3)  (39, 39, 2)  
Queue 1: (45, 27, 5) (33, 34, 4) 
Queue 2: (32, 28, 7) (35, 34, 6) 
Queue 3: (48, 26, 2) (24, 33, 6) (8, 35, 3) 
Queue 4: (30, 30, 1) (13, 31, 7) 
Queue 5: (23, 27, 2) (0, 34, 7) 
Time 37
Waiting clients (10, 40, 3)  (26, 40, 5)  (38, 38, 3)  (39, 39, 2)  
Queue 1: (45, 27, 4) (33, 34, 4) 
Queue 2: (32, 28, 6) (35, 34, 6) 
Queue 3: (48, 26, 1) (24, 33, 6) (8, 35, 3) 
Queue 4: (13, 31, 7) 
Queue 5: (23, 27, 1) (0, 34, 7) 
Time 38
Waiting clients (10, 40, 3)  (26, 40, 5)  (39, 39, 2)  
Queue 1: (45, 27, 3) (33, 34, 4) 
Queue 2: (32, 28, 5) (35, 34, 6) 
Queue 3: (24, 33, 6) (8, 35, 3) 
Queue 4: (13, 31, 6) (38, 38, 3) 
Queue 5: (0, 34, 7) 
Time 39
Waiting clients (10, 40, 3)  (26, 40, 5)  
Queue 1: (45, 27, 2) (33, 34, 4) (39, 39, 2) 
Queue 2: (32, 28, 4) (35, 34, 6) 
Queue 3: (24, 33, 5) (8, 35, 3) 
Queue 4: (13, 31, 5) (38, 38, 3) 
Queue 5: (0, 34, 6) 
Time 40
Waiting clients 
Queue 1: (45, 27, 1) (33, 34, 4) (39, 39, 2) (26, 40, 5) 
Queue 2: (32, 28, 3) (35, 34, 6) 
Queue 3: (24, 33, 4) (8, 35, 3) 
Queue 4: (13, 31, 4) (38, 38, 3) 
Queue 5: (0, 34, 5) (10, 40, 3) 
Time 41
Waiting clients 
Queue 1: (33, 34, 4) (39, 39, 2) (26, 40, 5) 
Queue 2: (32, 28, 2) (35, 34, 6) 
Queue 3: (24, 33, 3) (8, 35, 3) 
Queue 4: (13, 31, 3) (38, 38, 3) 
Queue 5: (0, 34, 4) (10, 40, 3) 
Time 42
Waiting clients 
Queue 1: (33, 34, 3) (39, 39, 2) (26, 40, 5) 
Queue 2: (32, 28, 1) (35, 34, 6) 
Queue 3: (24, 33, 2) (8, 35, 3) 
Queue 4: (13, 31, 2) (38, 38, 3) 
Queue 5: (0, 34, 3) (10, 40, 3) 
Time 43
Waiting clients 
Queue 1: (33, 34, 2) (39, 39, 2) (26, 40, 5) 
Queue 2: (35, 34, 6) 
Queue 3: (24, 33, 1) (8, 35, 3) 
Queue 4: (13, 31, 1) (38, 38, 3) 
Queue 5: (0, 34, 2) (10, 40, 3) 
Time 44
Waiting clients 
Queue 1: (33, 34, 1) (39, 39, 2) (26, 40, 5) 
Queue 2: (35, 34, 5) 
Queue 3: (8, 35, 3) 
Queue 4: (38, 38, 3) 
Queue 5: (0, 34, 1) (10, 40, 3) 
Time 45
Waiting clients 
Queue 1: (39, 39, 2) (26, 40, 5) 
Queue 2: (35, 34, 4) 
Queue 3: (8, 35, 2) 
Queue 4: (38, 38, 2) 
Queue 5: (10, 40, 3) 
Time 46
Waiting clients 
Queue 1: (39, 39, 1) (26, 40, 5) 
Queue 2: (35, 34, 3) 
Queue 3: (8, 35, 1) 
Queue 4: (38, 38, 1) 
Queue 5: (10, 40, 2) 
Time 47
Waiting clients 
Queue 1: (26, 40, 5) 
Queue 2: (35, 34, 2) 
Queue 3: closed
Queue 4: closed
Queue 5: (10, 40, 1) 
Time 48
Waiting clients 
Queue 1: (26, 40, 4) 
Queue 2: (35, 34, 1) 
Queue 3: closed
Queue 4: closed
Queue 5: closed
Time 49
Waiting clients 
Queue 1: (26, 40, 3) 
Queue 2: closed
Queue 3: closed
Queue 4: closed
Queue 5: closed
Time 50
Waiting clients 
Queue 1: (26, 40, 2) 
Queue 2: closed
Queue 3: closed
Queue 4: closed
Queue 5: closed
Time 51
Waiting clients 
Queue 1: (26, 40, 1) 
Queue 2: closed
Queue 3: closed
Queue 4: closed
Queue 5: closed
Time 52
Waiting clients 
Queue 1: closed
Queue 2: closed
Queue 3: closed
Queue 4: closed
Queue 5: closed
Time 53
Waiting clients 
Queue 1: closed
Queue 2: closed
Queue 3: closed
Queue 4: closed
Queue 5: closed
Time 54
Waiting clients 
Queue 1: closed
Queue 2: closed
Queue 3: closed
Queue 4: closed
Queue 5: closed
Time 55
Waiting clients 
Queue 1: closed
Queue 2: closed
Queue 3: closed
Queue 4: closed
Queue 5: closed
Time 56
Waiting clients 
Queue 1: closed
Queue 2: closed
Queue 3: closed
Queue 4: closed
Queue 5: closed
Time 57
Waiting clients 
Queue 1: closed
Queue 2: closed
Queue 3: closed
Queue 4: closed
Queue 5: closed
Time 58
Waiting clients 
Queue 1: closed
Queue 2: closed
Queue 3: closed
Queue 4: closed
Queue 5: closed
Time 59
Waiting clients 
Queue 1: closed
Queue 2: closed
Queue 3: closed
Queue 4: closed
Queue 5: closed
The avg waiting time is: 4.12
The avg service time is: 4.08
The peak second is: 12
